# T < 10 MeV is a common calculation; we use data from http://www.laine.itp.unibe.ch/eos15/
# Data for 10 MeV <= T <= 100 GeV is from arXiv:1606.07494
# Data for T >= 125 GeV is from arXiv:1503.04935 (http://www.laine.itp.unibe.ch/eos15/)
# -----------------------
# log10(T/MeV) g_* g_*s
-2.0000 3.3708 3.9177
-1.9956 3.3708 3.9177
-1.9912 3.3708 3.9177
-1.9868 3.3708 3.9177
-1.9824 3.3708 3.9177
-1.9780 3.3708 3.9177
-1.9736 3.3708 3.9177
-1.9692 3.3708 3.9177
-1.9648 3.3708 3.9177
-1.9604 3.3708 3.9176
-1.9560 3.3708 3.9176
-1.9515 3.3708 3.9176
-1.9471 3.3708 3.9176
-1.9427 3.3708 3.9176
-1.9383 3.3708 3.9176
-1.9339 3.3708 3.9176
-1.9295 3.3708 3.9176
-1.9251 3.3708 3.9176
-1.9207 3.3708 3.9176
-1.9163 3.3708 3.9176
-1.9119 3.3707 3.9176
-1.9075 3.3707 3.9176
-1.9031 3.3707 3.9176
-1.8987 3.3707 3.9176
-1.8943 3.3707 3.9176
-1.8899 3.3707 3.9176
-1.8855 3.3707 3.9176
-1.8811 3.3707 3.9176
-1.8767 3.3707 3.9176
-1.8723 3.3707 3.9176
-1.8679 3.3707 3.9176
-1.8635 3.3707 3.9176
-1.8590 3.3707 3.9176
-1.8546 3.3707 3.9176
-1.8502 3.3707 3.9176
-1.8458 3.3707 3.9176
-1.8414 3.3707 3.9176
-1.8370 3.3707 3.9176
-1.8326 3.3707 3.9176
-1.8282 3.3708 3.9176
-1.8238 3.3708 3.9176
-1.8194 3.3708 3.9176
-1.8150 3.3708 3.9176
-1.8106 3.3708 3.9176
-1.8062 3.3708 3.9176
-1.8018 3.3708 3.9176
-1.7974 3.3708 3.9176
-1.7930 3.3708 3.9176
-1.7886 3.3708 3.9176
-1.7842 3.3708 3.9176
-1.7798 3.3708 3.9176
-1.7754 3.3708 3.9176
-1.7710 3.3708 3.9176
-1.7665 3.3708 3.9176
-1.7621 3.3708 3.9177
-1.7577 3.3708 3.9177
-1.7533 3.3708 3.9177
-1.7489 3.3708 3.9177
-1.7445 3.3708 3.9177
-1.7401 3.3708 3.9177
-1.7357 3.3708 3.9177
-1.7313 3.3708 3.9177
-1.7269 3.3708 3.9177
-1.7225 3.3708 3.9177
-1.7181 3.3708 3.9177
-1.7137 3.3708 3.9177
-1.7093 3.3708 3.9177
-1.7049 3.3708 3.9177
-1.7005 3.3708 3.9177
-1.6961 3.3708 3.9177
-1.6917 3.3708 3.9177
-1.6873 3.3708 3.9177
-1.6829 3.3709 3.9177
-1.6785 3.3709 3.9177
-1.6740 3.3709 3.9177
-1.6696 3.3709 3.9177
-1.6652 3.3709 3.9177
-1.6608 3.3709 3.9177
-1.6564 3.3709 3.9177
-1.6520 3.3709 3.9177
-1.6476 3.3709 3.9177
-1.6432 3.3709 3.9177
-1.6388 3.3709 3.9177
-1.6344 3.3709 3.9177
-1.6300 3.3709 3.9177
-1.6256 3.3709 3.9177
-1.6212 3.3709 3.9177
-1.6168 3.3709 3.9178
-1.6124 3.3709 3.9178
-1.6080 3.3709 3.9178
-1.6036 3.3709 3.9178
-1.5992 3.3709 3.9178
-1.5948 3.3709 3.9178
-1.5904 3.3709 3.9178
-1.5860 3.3709 3.9178
-1.5815 3.3709 3.9178
-1.5771 3.3709 3.9178
-1.5727 3.3709 3.9178
-1.5683 3.3709 3.9178
-1.5639 3.3709 3.9178
-1.5595 3.3709 3.9178
-1.5551 3.3709 3.9178
-1.5507 3.3709 3.9178
-1.5463 3.3709 3.9178
-1.5419 3.3709 3.9178
-1.5375 3.3709 3.9178
-1.5331 3.3709 3.9178
-1.5287 3.3709 3.9178
-1.5243 3.3709 3.9178
-1.5199 3.3709 3.9178
-1.5155 3.3709 3.9178
-1.5111 3.3709 3.9178
-1.5067 3.3709 3.9178
-1.5023 3.3709 3.9178
-1.4979 3.3709 3.9178
-1.4935 3.3709 3.9178
-1.4890 3.3710 3.9178
-1.4846 3.3710 3.9178
-1.4802 3.3710 3.9179
-1.4758 3.3710 3.9179
-1.4714 3.3711 3.9179
-1.4670 3.3711 3.9180
-1.4626 3.3712 3.9180
-1.4582 3.3713 3.9181
-1.4538 3.3714 3.9182
-1.4494 3.3715 3.9183
-1.4450 3.3716 3.9184
-1.4406 3.3717 3.9185
-1.4362 3.3718 3.9186
-1.4318 3.3720 3.9187
-1.4274 3.3721 3.9189
-1.4230 3.3723 3.9190
-1.4186 3.3725 3.9192
-1.4142 3.3727 3.9194
-1.4098 3.3730 3.9196
-1.4054 3.3732 3.9199
-1.4010 3.3735 3.9201
-1.3965 3.3738 3.9204
-1.3921 3.3741 3.9207
-1.3877 3.3745 3.9210
-1.3833 3.3749 3.9213
-1.3789 3.3753 3.9217
-1.3745 3.3757 3.9221
-1.3701 3.3762 3.9226
-1.3657 3.3768 3.9231
-1.3613 3.3774 3.9236
-1.3569 3.3780 3.9242
-1.3525 3.3788 3.9249
-1.3481 3.3796 3.9256
-1.3437 3.3804 3.9264
-1.3393 3.3814 3.9273
-1.3349 3.3824 3.9282
-1.3305 3.3835 3.9293
-1.3261 3.3847 3.9304
-1.3217 3.3860 3.9316
-1.3173 3.3874 3.9328
-1.3129 3.3889 3.9342
-1.3085 3.3906 3.9357
-1.3040 3.3923 3.9373
-1.2996 3.3941 3.9390
-1.2952 3.3961 3.9408
-1.2908 3.3982 3.9427
-1.2864 3.4004 3.9448
-1.2820 3.4028 3.9470
-1.2776 3.4054 3.9493
-1.2732 3.4081 3.9518
-1.2688 3.4110 3.9545
-1.2644 3.4141 3.9573
-1.2600 3.4174 3.9603
-1.2556 3.4209 3.9636
-1.2512 3.4246 3.9670
-1.2468 3.4285 3.9706
-1.2424 3.4327 3.9745
-1.2380 3.4371 3.9785
-1.2336 3.4418 3.9829
-1.2292 3.4467 3.9874
-1.2248 3.4520 3.9922
-1.2204 3.4574 3.9973
-1.2160 3.4632 4.0026
-1.2115 3.4693 4.0083
-1.2071 3.4757 4.0142
-1.2027 3.4824 4.0204
-1.1983 3.4895 4.0269
-1.1939 3.4969 4.0338
-1.1895 3.5047 4.0410
-1.1851 3.5128 4.0485
-1.1807 3.5213 4.0564
-1.1763 3.5302 4.0646
-1.1719 3.5395 4.0733
-1.1675 3.5492 4.0823
-1.1631 3.5594 4.0917
-1.1587 3.5700 4.1015
-1.1543 3.5810 4.1117
-1.1499 3.5925 4.1224
-1.1455 3.6044 4.1335
-1.1411 3.6169 4.1450
-1.1367 3.6298 4.1570
-1.1323 3.6432 4.1695
-1.1279 3.6571 4.1824
-1.1235 3.6715 4.1958
-1.1190 3.6865 4.2097
-1.1146 3.7019 4.2240
-1.1102 3.7179 4.2389
-1.1058 3.7345 4.2543
-1.1014 3.7516 4.2702
-1.0970 3.7693 4.2867
-1.0926 3.7875 4.3036
-1.0882 3.8064 4.3211
-1.0838 3.8258 4.3392
-1.0794 3.8458 4.3578
-1.0750 3.8664 4.3769
-1.0706 3.8876 4.3966
-1.0662 3.9094 4.4169
-1.0618 3.9318 4.4377
-1.0574 3.9548 4.4591
-1.0530 3.9784 4.4811
-1.0486 4.0026 4.5036
-1.0442 4.0275 4.5267
-1.0398 4.0530 4.5504
-1.0354 4.0791 4.5747
-1.0310 4.1059 4.5995
-1.0265 4.1332 4.6250
-1.0221 4.1612 4.6510
-1.0177 4.1898 4.6775
-1.0133 4.2190 4.7047
-1.0089 4.2488 4.7324
-1.0045 4.2793 4.7607
-1.0001 4.3104 4.7895
-0.9957 4.3421 4.8189
-0.9913 4.3743 4.8489
-0.9869 4.4072 4.8794
-0.9825 4.4407 4.9104
-0.9781 4.4748 4.9420
-0.9737 4.5095 4.9742
-0.9693 4.5447 5.0068
-0.9649 4.5805 5.0400
-0.9605 4.6169 5.0737
-0.9561 4.6538 5.1079
-0.9517 4.6913 5.1426
-0.9473 4.7293 5.1778
-0.9429 4.7679 5.2134
-0.9385 4.8069 5.2496
-0.9340 4.8465 5.2862
-0.9296 4.8866 5.3232
-0.9252 4.9271 5.3607
-0.9208 4.9681 5.3986
-0.9164 5.0096 5.4369
-0.9120 5.0516 5.4756
-0.9076 5.0940 5.5147
-0.9032 5.1368 5.5542
-0.8988 5.1800 5.5941
-0.8944 5.2237 5.6343
-0.8900 5.2677 5.6749
-0.8856 5.3121 5.7158
-0.8812 5.3568 5.7570
-0.8768 5.4019 5.7985
-0.8724 5.4473 5.8403
-0.8680 5.4930 5.8824
-0.8636 5.5391 5.9247
-0.8592 5.5854 5.9673
-0.8548 5.6320 6.0102
-0.8504 5.6788 6.0532
-0.8460 5.7259 6.0964
-0.8415 5.7732 6.1399
-0.8371 5.8207 6.1835
-0.8327 5.8684 6.2273
-0.8283 5.9163 6.2712
-0.8239 5.9643 6.3152
-0.8195 6.0125 6.3594
-0.8151 6.0608 6.4037
-0.8107 6.1092 6.4481
-0.8063 6.1577 6.4925
-0.8019 6.2063 6.5370
-0.7975 6.2549 6.5816
-0.7931 6.3036 6.6262
-0.7887 6.3524 6.6708
-0.7843 6.4011 6.7154
-0.7799 6.4499 6.7600
-0.7755 6.4986 6.8046
-0.7711 6.5474 6.8492
-0.7667 6.5961 6.8937
-0.7623 6.6447 6.9381
-0.7579 6.6932 6.9825
-0.7535 6.7417 7.0268
-0.7490 6.7901 7.0710
-0.7446 6.8384 7.1151
-0.7402 6.8865 7.1591
-0.7358 6.9346 7.2030
-0.7314 6.9824 7.2467
-0.7270 7.0301 7.2903
-0.7226 7.0777 7.3337
-0.7182 7.1250 7.3769
-0.7138 7.1722 7.4199
-0.7094 7.2191 7.4628
-0.7050 7.2659 7.5055
-0.7006 7.3124 7.5479
-0.6962 7.3586 7.5901
-0.6918 7.4046 7.6321
-0.6874 7.4504 7.6739
-0.6830 7.4959 7.7154
-0.6786 7.5411 7.7566
-0.6742 7.5860 7.7976
-0.6698 7.6306 7.8383
-0.6654 7.6749 7.8788
-0.6610 7.7189 7.9189
-0.6565 7.7626 7.9588
-0.6521 7.8059 7.9984
-0.6477 7.8489 8.0377
-0.6433 7.8916 8.0766
-0.6389 7.9339 8.1153
-0.6345 7.9759 8.1536
-0.6301 8.0175 8.1917
-0.6257 8.0588 8.2294
-0.6213 8.0997 8.2667
-0.6169 8.1402 8.3037
-0.6125 8.1803 8.3404
-0.6081 8.2201 8.3768
-0.6037 8.2595 8.4128
-0.5993 8.2984 8.4484
-0.5949 8.3370 8.4837
-0.5905 8.3752 8.5186
-0.5861 8.4130 8.5532
-0.5817 8.4504 8.5874
-0.5773 8.4873 8.6213
-0.5729 8.5239 8.6548
-0.5685 8.5601 8.6879
-0.5640 8.5959 8.7207
-0.5596 8.6312 8.7531
-0.5552 8.6661 8.7851
-0.5508 8.7007 8.8168
-0.5464 8.7348 8.8481
-0.5420 8.7685 8.8790
-0.5376 8.8018 8.9096
-0.5332 8.8346 8.9398
-0.5288 8.8671 8.9696
-0.5244 8.8992 8.9991
-0.5200 8.9308 9.0282
-0.5156 8.9620 9.0569
-0.5112 8.9928 9.0852
-0.5068 9.0232 9.1132
-0.5024 9.0532 9.1408
-0.4980 9.0827 9.1680
-0.4936 9.1119 9.1949
-0.4892 9.1407 9.2214
-0.4848 9.1690 9.2476
-0.4804 9.1970 9.2734
-0.4760 9.2246 9.2988
-0.4715 9.2518 9.3240
-0.4671 9.2786 9.3487
-0.4627 9.3050 9.3731
-0.4583 9.3310 9.3972
-0.4539 9.3567 9.4210
-0.4495 9.3819 9.4444
-0.4451 9.4068 9.4674
-0.4407 9.4314 9.4901
-0.4363 9.4555 9.5125
-0.4319 9.4793 9.5346
-0.4275 9.5028 9.5564
-0.4231 9.5258 9.5778
-0.4187 9.5486 9.5989
-0.4143 9.5709 9.6197
-0.4099 9.5929 9.6401
-0.4055 9.6146 9.6603
-0.4011 9.6359 9.6801
-0.3967 9.6569 9.6996
-0.3923 9.6775 9.7188
-0.3879 9.6978 9.7378
-0.3835 9.7177 9.7564
-0.3790 9.7374 9.7747
-0.3746 9.7567 9.7927
-0.3702 9.7757 9.8105
-0.3658 9.7943 9.8279
-0.3614 9.8127 9.8451
-0.3570 9.8307 9.8620
-0.3526 9.8485 9.8786
-0.3482 9.8659 9.8949
-0.3438 9.8831 9.9110
-0.3394 9.8999 9.9268
-0.3350 9.9165 9.9423
-0.3306 9.9327 9.9576
-0.3262 9.9487 9.9726
-0.3218 9.9645 9.9874
-0.3174 9.9799 10.0019
-0.3130 9.9951 10.0162
-0.3086 10.0100 10.0302
-0.3042 10.0246 10.0440
-0.2998 10.0390 10.0576
-0.2954 10.0532 10.0709
-0.2910 10.0671 10.0840
-0.2865 10.0807 10.0969
-0.2821 10.0941 10.1096
-0.2777 10.1073 10.1220
-0.2733 10.1202 10.1343
-0.2689 10.1329 10.1463
-0.2645 10.1454 10.1581
-0.2601 10.1576 10.1697
-0.2557 10.1696 10.1810
-0.2513 10.1814 10.1922
-0.2469 10.1930 10.2032
-0.2425 10.2044 10.2140
-0.2381 10.2155 10.2246
-0.2337 10.2265 10.2350
-0.2293 10.2373 10.2453
-0.2249 10.2478 10.2553
-0.2205 10.2582 10.2652
-0.2161 10.2683 10.2749
-0.2117 10.2783 10.2844
-0.2073 10.2881 10.2937
-0.2029 10.2977 10.3029
-0.1985 10.3072 10.3119
-0.1940 10.3164 10.3207
-0.1896 10.3255 10.3294
-0.1852 10.3344 10.3379
-0.1808 10.3432 10.3463
-0.1764 10.3518 10.3545
-0.1720 10.3602 10.3626
-0.1676 10.3684 10.3705
-0.1632 10.3765 10.3782
-0.1588 10.3845 10.3859
-0.1544 10.3923 10.3934
-0.1500 10.3999 10.4007
-0.1456 10.4075 10.4079
-0.1412 10.4148 10.4150
-0.1368 10.4220 10.4219
-0.1324 10.4291 10.4287
-0.1280 10.4361 10.4354
-0.1236 10.4429 10.4420
-0.1192 10.4496 10.4484
-0.1148 10.4561 10.4547
-0.1104 10.4626 10.4609
-0.1060 10.4689 10.4670
-0.1015 10.4750 10.4730
-0.0971 10.4811 10.4788
-0.0927 10.4871 10.4846
-0.0883 10.4929 10.4902
-0.0839 10.4986 10.4958
-0.0795 10.5042 10.5012
-0.0751 10.5097 10.5065
-0.0707 10.5151 10.5117
-0.0663 10.5204 10.5168
-0.0619 10.5256 10.5219
-0.0575 10.5307 10.5268
-0.0531 10.5356 10.5316
-0.0487 10.5405 10.5364
-0.0443 10.5453 10.5410
-0.0399 10.5500 10.5456
-0.0355 10.5546 10.5501
-0.0311 10.5591 10.5544
-0.0267 10.5636 10.5588
-0.0223 10.5679 10.5630
-0.0179 10.5722 10.5671
-0.0135 10.5763 10.5712
-0.0090 10.5804 10.5752
-0.0046 10.5844 10.5791
-0.0002 10.5884 10.5829
0.0042 10.5922 10.5867
0.0086 10.5960 10.5903
0.0130 10.5997 10.5940
0.0174 10.6033 10.5975
0.0218 10.6069 10.6010
0.0262 10.6104 10.6044
0.0306 10.6138 10.6077
0.0350 10.6171 10.6110
0.0394 10.6204 10.6142
0.0438 10.6237 10.6174
0.0482 10.6268 10.6205
0.0526 10.6299 10.6235
0.0570 10.6329 10.6265
0.0614 10.6359 10.6294
0.0658 10.6388 10.6322
0.0702 10.6417 10.6350
0.0746 10.6445 10.6378
0.0790 10.6472 10.6405
0.0835 10.6499 10.6431
0.0879 10.6525 10.6457
0.0923 10.6551 10.6482
0.0967 10.6577 10.6507
0.1011 10.6601 10.6531
0.1055 10.6626 10.6555
0.1099 10.6650 10.6579
0.1143 10.6673 10.6602
0.1187 10.6696 10.6624
0.1231 10.6718 10.6646
0.1275 10.6740 10.6668
0.1319 10.6762 10.6689
0.1363 10.6783 10.6710
0.1407 10.6804 10.6731
0.1451 10.6824 10.6751
0.1495 10.6844 10.6770
0.1539 10.6863 10.6789
0.1583 10.6882 10.6808
0.1627 10.6901 10.6827
0.1671 10.6919 10.6845
0.1715 10.6937 10.6863
0.1760 10.6955 10.6880
0.1804 10.6972 10.6897
0.1848 10.6989 10.6914
0.1892 10.7006 10.6930
0.1936 10.7022 10.6946
0.1980 10.7038 10.6962
0.2024 10.7054 10.6977
0.2068 10.7069 10.6992
0.2112 10.7084 10.7007
0.2156 10.7099 10.7022
0.2200 10.7113 10.7036
0.2244 10.7127 10.7050
0.2288 10.7141 10.7064
0.2332 10.7154 10.7077
0.2376 10.7168 10.7090
0.2420 10.7181 10.7103
0.2464 10.7194 10.7116
0.2508 10.7206 10.7128
0.2552 10.7218 10.7140
0.2596 10.7230 10.7152
0.2640 10.7242 10.7164
0.2685 10.7253 10.7175
0.2729 10.7265 10.7187
0.2773 10.7276 10.7198
0.2817 10.7287 10.7208
0.2861 10.7298 10.7219
0.2905 10.7308 10.7229
0.2949 10.7318 10.7240
0.2993 10.7328 10.7249
0.3037 10.7337 10.7259
0.3081 10.7346 10.7268
0.3125 10.7355 10.7277
0.3169 10.7363 10.7285
0.3213 10.7371 10.7293
0.3257 10.7378 10.7301
0.3301 10.7385 10.7308
0.3345 10.7391 10.7315
0.3389 10.7398 10.7322
0.3433 10.7403 10.7328
0.3477 10.7409 10.7334
0.3521 10.7414 10.7340
0.3565 10.7418 10.7345
0.3610 10.7423 10.7350
0.3654 10.7427 10.7355
0.3698 10.7430 10.7360
0.3742 10.7434 10.7364
0.3786 10.7437 10.7368
0.3830 10.7440 10.7372
0.3874 10.7442 10.7376
0.3918 10.7445 10.7379
0.3962 10.7447 10.7382
0.4006 10.7448 10.7385
0.4050 10.7450 10.7388
0.4094 10.7451 10.7390
0.4138 10.7452 10.7393
0.4182 10.7453 10.7395
0.4226 10.7454 10.7397
0.4270 10.7454 10.7398
0.4314 10.7455 10.7400
0.4358 10.7455 10.7401
0.4402 10.7455 10.7403
0.4446 10.7454 10.7404
0.4490 10.7454 10.7405
0.4535 10.7454 10.7406
0.4579 10.7453 10.7407
0.4623 10.7452 10.7407
0.4667 10.7451 10.7408
0.4711 10.7450 10.7408
0.4755 10.7449 10.7408
0.4799 10.7448 10.7409
0.4843 10.7447 10.7409
0.4887 10.7446 10.7409
0.4931 10.7444 10.7409
0.4975 10.7443 10.7409
0.5019 10.7442 10.7409
0.5063 10.7440 10.7409
0.5107 10.7439 10.7408
0.5151 10.7437 10.7408
0.5195 10.7436 10.7408
0.5239 10.7435 10.7408
0.5283 10.7433 10.7408
0.5327 10.7432 10.7407
0.5371 10.7430 10.7407
0.5415 10.7429 10.7407
0.5460 10.7428 10.7407
0.5504 10.7427 10.7407
0.5548 10.7426 10.7407
0.5592 10.7425 10.7406
0.5636 10.7424 10.7406
0.5680 10.7423 10.7407
0.5724 10.7422 10.7407
0.5768 10.7422 10.7407
0.5812 10.7421 10.7407
0.5856 10.7421 10.7408
0.5900 10.7421 10.7408
0.5944 10.7421 10.7409
0.5988 10.7421 10.7409
0.6032 10.7421 10.7410
0.6076 10.7422 10.7411
0.6120 10.7422 10.7412
0.6164 10.7423 10.7413
0.6208 10.7424 10.7415
0.6252 10.7426 10.7416
0.6296 10.7427 10.7418
0.6340 10.7429 10.7419
0.6385 10.7430 10.7421
0.6429 10.7432 10.7423
0.6473 10.7434 10.7425
0.6517 10.7436 10.7427
0.6561 10.7438 10.7429
0.6605 10.7441 10.7431
0.6649 10.7443 10.7433
0.6693 10.7445 10.7435
0.6737 10.7448 10.7437
0.6781 10.7450 10.7440
0.6825 10.7453 10.7442
0.6869 10.7455 10.7444
0.6913 10.7458 10.7446
0.6957 10.7460 10.7449
0.7001 10.7463 10.7451
0.7045 10.7465 10.7453
0.7089 10.7468 10.7456
0.7133 10.7470 10.7458
0.7177 10.7473 10.7460
0.7221 10.7475 10.7462
0.7265 10.7477 10.7464
0.7310 10.7479 10.7466
0.7354 10.7481 10.7468
0.7398 10.7483 10.7470
0.7442 10.7485 10.7472
0.7486 10.7487 10.7473
0.7530 10.7489 10.7475
0.7574 10.7490 10.7477
0.7618 10.7491 10.7478
0.7662 10.7493 10.7479
0.7706 10.7494 10.7480
0.7750 10.7494 10.7481
0.7794 10.7495 10.7482
0.7838 10.7495 10.7483
0.7882 10.7495 10.7483
0.7926 10.7495 10.7484
0.7970 10.7495 10.7484
0.8014 10.7495 10.7484
0.8058 10.7494 10.7484
0.8102 10.7494 10.7484
0.8146 10.7493 10.7484
0.8190 10.7492 10.7484
0.8235 10.7491 10.7484
0.8279 10.7490 10.7484
0.8323 10.7489 10.7483
0.8367 10.7489 10.7483
0.8411 10.7488 10.7483
0.8455 10.7487 10.7483
0.8499 10.7486 10.7482
0.8543 10.7486 10.7482
0.8587 10.7485 10.7482
0.8631 10.7485 10.7482
0.8675 10.7485 10.7482
0.8719 10.7485 10.7483
0.8763 10.7485 10.7483
0.8807 10.7486 10.7483
0.8851 10.7487 10.7484
0.8895 10.7488 10.7485
0.8939 10.7489 10.7486
0.8983 10.7491 10.7487
0.9027 10.7493 10.7489
0.9071 10.7496 10.7490
0.9115 10.7499 10.7492
0.9160 10.7502 10.7495
0.9204 10.7506 10.7497
0.9248 10.7510 10.7500
0.9292 10.7515 10.7503
0.9336 10.7519 10.7506
0.9380 10.7524 10.7509
0.9424 10.7530 10.7512
0.9468 10.7535 10.7515
0.9512 10.7541 10.7518
0.9556 10.7546 10.7522
0.9600 10.7552 10.7525
0.9644 10.7558 10.7528
0.9688 10.7563 10.7531
0.9732 10.7569 10.7534
0.9776 10.7575 10.7537
0.9820 10.7580 10.7540
0.9864 10.7585 10.7542
0.9908 10.7590 10.7545
0.9952 10.7595 10.7547
0.9996 10.7600 10.7548
1.0040 10.7604 10.7550
1.0084 10.7608 10.7551
1.0129 10.7612 10.7552
1.0173 10.7616 10.7553
1.0217 10.7620 10.7554
1.0261 10.7624 10.7555
1.0305 10.7629 10.7557
1.0349 10.7634 10.7559
1.0393 10.7640 10.7561
1.0437 10.7646 10.7564
1.0481 10.7654 10.7568
1.0525 10.7662 10.7573
1.0569 10.7671 10.7579
1.0613 10.7682 10.7585
1.0657 10.7694 10.7593
1.0701 10.7707 10.7602
1.0745 10.7722 10.7613
1.0789 10.7739 10.7624
1.0833 10.7757 10.7638
1.0877 10.7777 10.7653
1.0921 10.7799 10.7670
1.0965 10.7824 10.7689
1.1009 10.7850 10.7710
1.1054 10.7879 10.7733
1.1098 10.7911 10.7758
1.1142 10.7945 10.7785
1.1186 10.7981 10.7815
1.1230 10.8021 10.7848
1.1274 10.8063 10.7883
1.1318 10.8109 10.7921
1.1362 10.8158 10.7961
1.1406 10.8210 10.8005
1.1450 10.8265 10.8052
1.1494 10.8324 10.8101
1.1538 10.8387 10.8155
1.1582 10.8454 10.8211
1.1626 10.8524 10.8271
1.1670 10.8598 10.8335
1.1714 10.8677 10.8402
1.1758 10.8760 10.8473
1.1802 10.8847 10.8548
1.1846 10.8938 10.8627
1.1890 10.9034 10.8710
1.1934 10.9135 10.8798
1.1979 10.9241 10.8890
1.2023 10.9351 10.8986
1.2067 10.9467 10.9087
1.2111 10.9588 10.9192
1.2155 10.9714 10.9302
1.2199 10.9846 10.9417
1.2243 10.9983 10.9537
1.2287 11.0126 10.9662
1.2331 11.0274 10.9793
1.2375 11.0429 10.9928
1.2419 11.0589 11.0069
1.2463 11.0756 11.0216
1.2507 11.0928 11.0368
1.2551 11.1107 11.0525
1.2595 11.1293 11.0689
1.2639 11.1484 11.0858
1.2683 11.1682 11.1032
1.2727 11.1885 11.1212
1.2771 11.2094 11.1397
1.2815 11.2309 11.1587
1.2859 11.2530 11.1782
1.2904 11.2756 11.1983
1.2948 11.2987 11.2188
1.2992 11.3224 11.2399
1.3036 11.3467 11.2614
1.3080 11.3714 11.2833
1.3124 11.3967 11.3058
1.3168 11.4224 11.3287
1.3212 11.4486 11.3521
1.3256 11.4754 11.3758
1.3300 11.5025 11.4001
1.3344 11.5302 11.4247
1.3388 11.5583 11.4498
1.3432 11.5868 11.4753
1.3476 11.6158 11.5012
1.3520 11.6452 11.5274
1.3564 11.6750 11.5541
1.3608 11.7052 11.5811
1.3652 11.7357 11.6085
1.3696 11.7667 11.6363
1.3740 11.7981 11.6644
1.3784 11.8298 11.6929
1.3829 11.8619 11.7217
1.3873 11.8943 11.7508
1.3917 11.9270 11.7803
1.3961 11.9601 11.8101
1.4005 11.9935 11.8401
1.4049 12.0272 11.8705
1.4093 12.0612 11.9012
1.4137 12.0955 11.9321
1.4181 12.1300 11.9633
1.4225 12.1649 11.9948
1.4269 12.2000 12.0266
1.4313 12.2353 12.0585
1.4357 12.2709 12.0908
1.4401 12.3067 12.1232
1.4445 12.3427 12.1559
1.4489 12.3790 12.1888
1.4533 12.4154 12.2220
1.4577 12.4521 12.2553
1.4621 12.4889 12.2888
1.4665 12.5259 12.3225
1.4709 12.5630 12.3564
1.4754 12.6003 12.3904
1.4798 12.6378 12.4246
1.4842 12.6754 12.4590
1.4886 12.7131 12.4935
1.4930 12.7509 12.5282
1.4974 12.7889 12.5629
1.5018 12.8269 12.5978
1.5062 12.8650 12.6328
1.5106 12.9032 12.6680
1.5150 12.9415 12.7032
1.5194 12.9798 12.7385
1.5238 13.0182 12.7739
1.5282 13.0566 12.8093
1.5326 13.0950 12.8449
1.5370 13.1335 12.8805
1.5414 13.1720 12.9161
1.5458 13.2105 12.9518
1.5502 13.2489 12.9875
1.5546 13.2874 13.0232
1.5590 13.3258 13.0590
1.5634 13.3642 13.0948
1.5679 13.4025 13.1305
1.5723 13.4408 13.1663
1.5767 13.4790 13.2020
1.5811 13.5172 13.2378
1.5855 13.5552 13.2735
1.5899 13.5932 13.3091
1.5943 13.6310 13.3447
1.5987 13.6688 13.3803
1.6031 13.7064 13.4158
1.6075 13.7439 13.4512
1.6119 13.7813 13.4866
1.6163 13.8186 13.5220
1.6207 13.8558 13.5573
1.6251 13.8929 13.5926
1.6295 13.9299 13.6278
1.6339 13.9669 13.6630
1.6383 14.0038 13.6983
1.6427 14.0406 13.7335
1.6471 14.0774 13.7687
1.6515 14.1141 13.8039
1.6559 14.1509 13.8392
1.6604 14.1876 13.8744
1.6648 14.2243 13.9097
1.6692 14.2610 13.9451
1.6736 14.2976 13.9805
1.6780 14.3343 14.0159
1.6824 14.3711 14.0514
1.6868 14.4078 14.0869
1.6912 14.4446 14.1225
1.6956 14.4814 14.1582
1.7000 14.5183 14.1940
1.7044 14.5553 14.2299
1.7088 14.5923 14.2659
1.7132 14.6294 14.3020
1.7176 14.6666 14.3382
1.7220 14.7039 14.3745
1.7264 14.7412 14.4109
1.7308 14.7787 14.4475
1.7352 14.8163 14.4842
1.7396 14.8541 14.5211
1.7440 14.8920 14.5581
1.7484 14.9300 14.5953
1.7529 14.9681 14.6326
1.7573 15.0065 14.6701
1.7617 15.0450 14.7078
1.7661 15.0837 14.7457
1.7705 15.1225 14.7838
1.7749 15.1616 14.8221
1.7793 15.2008 14.8606
1.7837 15.2403 14.8993
1.7881 15.2800 14.9383
1.7925 15.3199 14.9774
1.7969 15.3600 15.0168
1.8013 15.4004 15.0565
1.8057 15.4411 15.0964
1.8101 15.4820 15.1365
1.8145 15.5231 15.1769
1.8189 15.5646 15.2176
1.8233 15.6063 15.2586
1.8277 15.6483 15.2998
1.8321 15.6907 15.3414
1.8365 15.7333 15.3832
1.8409 15.7762 15.4253
1.8454 15.8195 15.4678
1.8498 15.8631 15.5106
1.8542 15.9071 15.5537
1.8586 15.9514 15.5971
1.8630 15.9960 15.6409
1.8674 16.0411 15.6850
1.8718 16.0865 15.7295
1.8762 16.1323 15.7743
1.8806 16.1784 15.8195
1.8850 16.2250 15.8651
1.8894 16.2720 15.9110
1.8938 16.3194 15.9574
1.8982 16.3672 16.0041
1.9026 16.4155 16.0512
1.9070 16.4642 16.0988
1.9114 16.5133 16.1467
1.9158 16.5629 16.1951
1.9202 16.6130 16.2439
1.9246 16.6636 16.2932
1.9290 16.7146 16.3429
1.9334 16.7661 16.3930
1.9379 16.8181 16.4436
1.9423 16.8707 16.4947
1.9467 16.9237 16.5462
1.9511 16.9773 16.5982
1.9555 17.0314 16.6507
1.9599 17.0860 16.7037
1.9643 17.1412 16.7571
1.9687 17.1970 16.8111
1.9731 17.2533 16.8656
1.9775 17.3101 16.9206
1.9819 17.3676 16.9762
1.9863 17.4257 17.0323
1.9907 17.4843 17.0889
1.9951 17.5436 17.1460
1.9995 17.6034 17.2037
2.0039 17.6640 17.2621
2.0083 17.7258 17.3214
2.0127 17.7893 17.3822
2.0171 17.8552 17.4451
2.0215 17.9241 17.5105
2.0259 17.9967 17.5789
2.0304 18.0735 17.6509
2.0348 18.1552 17.7269
2.0392 18.2424 17.8074
2.0436 18.3356 17.8930
2.0480 18.4356 17.9841
2.0524 18.5428 18.0813
2.0568 18.6580 18.1850
2.0612 18.7818 18.2958
2.0656 18.9147 18.4142
2.0700 19.0574 18.5406
2.0744 19.2105 18.6756
2.0788 19.3746 18.8197
2.0832 19.5503 18.9734
2.0876 19.7383 19.1372
2.0920 19.9391 19.3115
2.0964 20.1533 19.4970
2.1008 20.3817 19.6941
2.1052 20.6248 19.9032
2.1096 20.8831 20.1250
2.1140 21.1574 20.3599
2.1184 21.4483 20.6084
2.1229 21.7563 20.8711
2.1273 22.0820 21.1484
2.1317 22.4262 21.4408
2.1361 22.7893 21.7488
2.1405 23.1721 22.0730
2.1449 23.5751 22.4139
2.1493 23.9989 22.7718
2.1537 24.4439 23.1473
2.1581 24.9085 23.5389
2.1625 25.3901 23.9451
2.1669 25.8864 24.3640
2.1713 26.3950 24.7938
2.1757 26.9135 25.2327
2.1801 27.4393 25.6791
2.1845 27.9702 26.1310
2.1889 28.5036 26.5868
2.1933 29.0371 27.0447
2.1977 29.5684 27.5028
2.2021 30.0951 27.9596
2.2065 30.6158 28.4139
2.2109 31.1307 28.8658
2.2154 31.6396 29.3151
2.2198 32.1426 29.7618
2.2242 32.6398 30.2058
2.2286 33.1311 30.6472
2.2330 33.6165 31.0857
2.2374 34.0960 31.5214
2.2418 34.5698 31.9542
2.2462 35.0377 32.3841
2.2506 35.4998 32.8109
2.2550 35.9561 33.2347
2.2594 36.4067 33.6553
2.2638 36.8515 34.0727
2.2682 37.2905 34.4868
2.2726 37.7238 34.8976
2.2770 38.1514 35.3051
2.2814 38.5732 35.7090
2.2858 38.9894 36.1095
2.2902 39.3998 36.5065
2.2946 39.8046 36.8998
2.2990 40.2037 37.2894
2.3034 40.5972 37.6752
2.3079 40.9851 38.0573
2.3123 41.3673 38.4355
2.3167 41.7439 38.8098
2.3211 42.1149 39.1801
2.3255 42.4804 39.5463
2.3299 42.8403 39.9085
2.3343 43.1946 40.2665
2.3387 43.5434 40.6202
2.3431 43.8866 40.9697
2.3475 44.2243 41.3148
2.3519 44.5566 41.6555
2.3563 44.8833 41.9918
2.3607 45.2046 42.3235
2.3651 45.5204 42.6506
2.3695 45.8307 42.9731
2.3739 46.1356 43.2909
2.3783 46.4351 43.6039
2.3827 46.7292 43.9121
2.3871 47.0179 44.2154
2.3915 47.3012 44.5138
2.3959 47.5791 44.8071
2.4004 47.8517 45.0954
2.4048 48.1190 45.3786
2.4092 48.3811 45.6569
2.4136 48.6384 45.9306
2.4180 48.8911 46.1998
2.4224 49.1394 46.4647
2.4268 49.3835 46.7255
2.4312 49.6236 46.9826
2.4356 49.8601 47.2360
2.4400 50.0930 47.4861
2.4444 50.3228 47.7329
2.4488 50.5495 47.9768
2.4532 50.7734 48.2179
2.4576 50.9948 48.4564
2.4620 51.2138 48.6927
2.4664 51.4307 48.9268
2.4708 51.6458 49.1589
2.4752 51.8593 49.3894
2.4796 52.0713 49.6184
2.4840 52.2822 49.8462
2.4884 52.4922 50.0729
2.4929 52.7014 50.2987
2.4973 52.9102 50.5239
2.5017 53.1187 50.7487
2.5061 53.3271 50.9732
2.5105 53.5354 51.1974
2.5149 53.7436 51.4213
2.5193 53.9516 51.6448
2.5237 54.1595 51.8681
2.5281 54.3672 52.0910
2.5325 54.5748 52.3136
2.5369 54.7822 52.5358
2.5413 54.9894 52.7576
2.5457 55.1963 52.9791
2.5501 55.4031 53.2002
2.5545 55.6097 53.4210
2.5589 55.8160 53.6413
2.5633 56.0221 53.8612
2.5677 56.2279 54.0808
2.5721 56.4335 54.2999
2.5765 56.6388 54.5185
2.5809 56.8438 54.7368
2.5854 57.0485 54.9546
2.5898 57.2530 55.1719
2.5942 57.4571 55.3888
2.5986 57.6608 55.6052
2.6030 57.8643 55.8211
2.6074 58.0673 56.0365
2.6118 58.2701 56.2514
2.6162 58.4724 56.4658
2.6206 58.6744 56.6797
2.6250 58.8760 56.8931
2.6294 59.0772 57.1059
2.6338 59.2780 57.3182
2.6382 59.4783 57.5300
2.6426 59.6782 57.7412
2.6470 59.8777 57.9518
2.6514 60.0767 58.1618
2.6558 60.2753 58.3712
2.6602 60.4734 58.5801
2.6646 60.6710 58.7883
2.6690 60.8681 58.9960
2.6734 61.0647 59.2030
2.6779 61.2607 59.4094
2.6823 61.4563 59.6151
2.6867 61.6513 59.8202
2.6911 61.8458 60.0246
2.6955 62.0397 60.2284
2.6999 62.2330 60.4315
2.7043 62.4258 60.6339
2.7087 62.6179 60.8356
2.7131 62.8095 61.0366
2.7175 63.0004 61.2369
2.7219 63.1908 61.4365
2.7263 63.3804 61.6354
2.7307 63.5695 61.8335
2.7351 63.7579 62.0309
2.7395 63.9456 62.2275
2.7439 64.1327 62.4233
2.7483 64.3190 62.6184
2.7527 64.5047 62.8127
2.7571 64.6896 63.0063
2.7615 64.8739 63.1990
2.7659 65.0574 63.3909
2.7704 65.2402 63.5820
2.7748 65.4222 63.7723
2.7792 65.6034 63.9617
2.7836 65.7839 64.1503
2.7880 65.9636 64.3381
2.7924 66.1426 64.5249
2.7968 66.3207 64.7110
2.8012 66.4980 64.8961
2.8056 66.6744 65.0804
2.8100 66.8501 65.2637
2.8144 67.0249 65.4462
2.8188 67.1988 65.6277
2.8232 67.3719 65.8084
2.8276 67.5441 65.9881
2.8320 67.7154 66.1668
2.8364 67.8858 66.3447
2.8408 68.0553 66.5215
2.8452 68.2238 66.6974
2.8496 68.3915 66.8723
2.8540 68.5582 67.0463
2.8584 68.7240 67.2192
2.8629 68.8887 67.3912
2.8673 69.0526 67.5621
2.8717 69.2154 67.7320
2.8761 69.3772 67.9009
2.8805 69.5381 68.0688
2.8849 69.6979 68.2356
2.8893 69.8567 68.4014
2.8937 70.0145 68.5661
2.8981 70.1712 68.7297
2.9025 70.3268 68.8923
2.9069 70.4814 69.0537
2.9113 70.6350 69.2141
2.9157 70.7874 69.3734
2.9201 70.9387 69.5315
2.9245 71.0889 69.6886
2.9289 71.2380 69.8445
2.9333 71.3860 69.9992
2.9377 71.5328 70.1528
2.9421 71.6785 70.3053
2.9465 71.8230 70.4566
2.9509 71.9663 70.6067
2.9554 72.1084 70.7556
2.9598 72.2494 70.9034
2.9642 72.3891 71.0499
2.9686 72.5277 71.1952
2.9730 72.6650 71.3393
2.9774 72.8010 71.4822
2.9818 72.9359 71.6238
2.9862 73.0694 71.7642
2.9906 73.2017 71.9034
2.9950 73.3327 72.0413
2.9994 73.4625 72.1779
3.0038 73.5909 72.3132
3.0082 73.7180 72.4472
3.0126 73.8438 72.5800
3.0170 73.9684 72.7115
3.0214 74.0917 72.8418
3.0258 74.2137 72.9708
3.0302 74.3344 73.0986
3.0346 74.4539 73.2251
3.0390 74.5722 73.3504
3.0434 74.6892 73.4745
3.0479 74.8050 73.5974
3.0523 74.9196 73.7191
3.0567 75.0329 73.8395
3.0611 75.1450 73.9588
3.0655 75.2560 74.0768
3.0699 75.3657 74.1937
3.0743 75.4742 74.3094
3.0787 75.5816 74.4240
3.0831 75.6878 74.5374
3.0875 75.7928 74.6496
3.0919 75.8967 74.7607
3.0963 75.9994 74.8706
3.1007 76.1009 74.9794
3.1051 76.2014 75.0871
3.1095 76.3006 75.1936
3.1139 76.3988 75.2990
3.1183 76.4959 75.4034
3.1227 76.5918 75.5066
3.1271 76.6866 75.6087
3.1315 76.7804 75.7097
3.1359 76.8730 75.8097
3.1404 76.9646 75.9086
3.1448 77.0551 76.0064
3.1492 77.1445 76.1031
3.1536 77.2328 76.1988
3.1580 77.3202 76.2934
3.1624 77.4064 76.3870
3.1668 77.4916 76.4796
3.1712 77.5758 76.5711
3.1756 77.6590 76.6616
3.1800 77.7411 76.7511
3.1844 77.8223 76.8396
3.1888 77.9024 76.9271
3.1932 77.9816 77.0136
3.1976 78.0597 77.0991
3.2020 78.1369 77.1836
3.2064 78.2131 77.2671
3.2108 78.2883 77.3497
3.2152 78.3626 77.4313
3.2196 78.4359 77.5119
3.2240 78.5082 77.5916
3.2284 78.5797 77.6704
3.2329 78.6501 77.7482
3.2373 78.7197 77.8251
3.2417 78.7884 77.9011
3.2461 78.8561 77.9761
3.2505 78.9229 78.0503
3.2549 78.9889 78.1235
3.2593 79.0539 78.1959
3.2637 79.1181 78.2673
3.2681 79.1814 78.3379
3.2725 79.2438 78.4076
3.2769 79.3054 78.4764
3.2813 79.3661 78.5444
3.2857 79.4259 78.6115
3.2901 79.4850 78.6777
3.2945 79.5432 78.7432
3.2989 79.6005 78.8078
3.3033 79.6571 78.8715
3.3077 79.7128 78.9344
3.3121 79.7678 78.9966
3.3165 79.8219 79.0579
3.3209 79.8752 79.1184
3.3254 79.9278 79.1781
3.3298 79.9796 79.2370
3.3342 80.0306 79.2951
3.3386 80.0809 79.3525
3.3430 80.1304 79.4091
3.3474 80.1792 79.4649
3.3518 80.2272 79.5200
3.3562 80.2745 79.5743
3.3606 80.3210 79.6279
3.3650 80.3669 79.6807
3.3694 80.4120 79.7328
3.3738 80.4564 79.7842
3.3782 80.5002 79.8349
3.3826 80.5432 79.8849
3.3870 80.5856 79.9341
3.3914 80.6273 79.9827
3.3958 80.6683 80.0306
3.4002 80.7087 80.0778
3.4046 80.7484 80.1243
3.4090 80.7874 80.1702
3.4134 80.8258 80.2153
3.4179 80.8636 80.2599
3.4223 80.9008 80.3038
3.4267 80.9373 80.3470
3.4311 80.9733 80.3896
3.4355 81.0086 80.4316
3.4399 81.0433 80.4729
3.4443 81.0775 80.5137
3.4487 81.1110 80.5538
3.4531 81.1440 80.5933
3.4575 81.1764 80.6323
3.4619 81.2083 80.6706
3.4663 81.2396 80.7084
3.4707 81.2703 80.7456
3.4751 81.3005 80.7822
3.4795 81.3302 80.8182
3.4839 81.3594 80.8537
3.4883 81.3880 80.8887
3.4927 81.4161 80.9231
3.4971 81.4438 80.9569
3.5015 81.4709 80.9903
3.5059 81.4975 81.0231
3.5104 81.5237 81.0554
3.5148 81.5494 81.0872
3.5192 81.5746 81.1185
3.5236 81.5993 81.1493
3.5280 81.6236 81.1796
3.5324 81.6475 81.2094
3.5368 81.6709 81.2387
3.5412 81.6938 81.2676
3.5456 81.7164 81.2960
3.5500 81.7385 81.3240
3.5544 81.7602 81.3515
3.5588 81.7815 81.3786
3.5632 81.8025 81.4052
3.5676 81.8230 81.4314
3.5720 81.8431 81.4572
3.5764 81.8629 81.4825
3.5808 81.8823 81.5075
3.5852 81.9013 81.5320
3.5896 81.9200 81.5562
3.5940 81.9384 81.5800
3.5984 81.9564 81.6033
3.6029 81.9740 81.6264
3.6073 81.9914 81.6490
3.6117 82.0084 81.6713
3.6161 82.0251 81.6932
3.6205 82.0415 81.7148
3.6249 82.0576 81.7360
3.6293 82.0734 81.7569
3.6337 82.0890 81.7774
3.6381 82.1042 81.7977
3.6425 82.1192 81.8176
3.6469 82.1340 81.8372
3.6513 82.1484 81.8565
3.6557 82.1627 81.8756
3.6601 82.1767 81.8943
3.6645 82.1904 81.9127
3.6689 82.2039 81.9309
3.6733 82.2173 81.9488
3.6777 82.2304 81.9664
3.6821 82.2433 81.9838
3.6865 82.2560 82.0010
3.6909 82.2685 82.0179
3.6954 82.2808 82.0345
3.6998 82.2929 82.0509
3.7042 82.3049 82.0671
3.7086 82.3167 82.0831
3.7130 82.3284 82.0989
3.7174 82.3399 82.1145
3.7218 82.3513 82.1299
3.7262 82.3625 82.1450
3.7306 82.3737 82.1601
3.7350 82.3847 82.1749
3.7394 82.3956 82.1896
3.7438 82.4063 82.2041
3.7482 82.4170 82.2184
3.7526 82.4276 82.2326
3.7570 82.4381 82.2466
3.7614 82.4486 82.2606
3.7658 82.4589 82.2744
3.7702 82.4692 82.2880
3.7746 82.4795 82.3016
3.7790 82.4897 82.3150
3.7834 82.4999 82.3283
3.7879 82.5100 82.3416
3.7923 82.5201 82.3547
3.7967 82.5302 82.3678
3.8011 82.5403 82.3808
3.8055 82.5503 82.3937
3.8099 82.5604 82.4066
3.8143 82.5705 82.4194
3.8187 82.5806 82.4322
3.8231 82.5907 82.4449
3.8275 82.6009 82.4576
3.8319 82.6111 82.4702
3.8363 82.6213 82.4828
3.8407 82.6316 82.4955
3.8451 82.6419 82.5081
3.8495 82.6524 82.5207
3.8539 82.6629 82.5333
3.8583 82.6734 82.5459
3.8627 82.6841 82.5585
3.8671 82.6948 82.5712
3.8715 82.7057 82.5839
3.8759 82.7167 82.5966
3.8804 82.7277 82.6094
3.8848 82.7390 82.6222
3.8892 82.7503 82.6350
3.8936 82.7618 82.6480
3.8980 82.7734 82.6610
3.9024 82.7852 82.6741
3.9068 82.7971 82.6873
3.9112 82.8092 82.7005
3.9156 82.8215 82.7139
3.9200 82.8339 82.7274
3.9244 82.8466 82.7409
3.9288 82.8594 82.7546
3.9332 82.8725 82.7685
3.9376 82.8857 82.7824
3.9420 82.8992 82.7965
3.9464 82.9129 82.8107
3.9508 82.9268 82.8251
3.9552 82.9409 82.8397
3.9596 82.9554 82.8544
3.9640 82.9700 82.8692
3.9684 82.9849 82.8843
3.9729 83.0001 82.8995
3.9773 83.0156 82.9150
3.9817 83.0313 82.9306
3.9861 83.0473 82.9464
3.9905 83.0637 82.9625
3.9949 83.0803 82.9787
3.9993 83.0972 82.9952
4.0037 83.1145 83.0119
4.0081 83.1320 83.0289
4.0125 83.1499 83.0461
4.0169 83.1682 83.0635
4.0213 83.1868 83.0813
4.0257 83.2058 83.0993
4.0301 83.2252 83.1176
4.0345 83.2449 83.1363
4.0389 83.2651 83.1552
4.0433 83.2857 83.1745
4.0477 83.3066 83.1941
4.0521 83.3281 83.2140
4.0565 83.3499 83.2343
4.0609 83.3722 83.2550
4.0654 83.3950 83.2760
4.0698 83.4183 83.2975
4.0742 83.4420 83.3193
4.0786 83.4663 83.3416
4.0830 83.4910 83.3642
4.0874 83.5162 83.3874
4.0918 83.5420 83.4109
4.0962 83.5684 83.4349
4.1006 83.5952 83.4594
4.1050 83.6227 83.4843
4.1094 83.6507 83.5097
4.1138 83.6792 83.5357
4.1182 83.7084 83.5621
4.1226 83.7382 83.5890
4.1270 83.7685 83.6165
4.1314 83.7995 83.6445
4.1358 83.8312 83.6731
4.1402 83.8635 83.7022
4.1446 83.8964 83.7319
4.1490 83.9300 83.7622
4.1534 83.9643 83.7930
4.1579 83.9992 83.8245
4.1623 84.0349 83.8566
4.1667 84.0712 83.8893
4.1711 84.1083 83.9226
4.1755 84.1461 83.9566
4.1799 84.1847 83.9913
4.1843 84.2239 84.0266
4.1887 84.2640 84.0625
4.1931 84.3048 84.0992
4.1975 84.3464 84.1366
4.2019 84.3888 84.1746
4.2063 84.4320 84.2134
4.2107 84.4760 84.2530
4.2151 84.5208 84.2932
4.2195 84.5665 84.3342
4.2239 84.6130 84.3760
4.2283 84.6603 84.4186
4.2327 84.7086 84.4619
4.2371 84.7577 84.5060
4.2415 84.8077 84.5509
4.2459 84.8585 84.5967
4.2504 84.9103 84.6432
4.2548 84.9630 84.6906
4.2592 85.0167 84.7389
4.2636 85.0712 84.7880
4.2680 85.1268 84.8380
4.2724 85.1832 84.8888
4.2768 85.2407 84.9406
4.2812 85.2991 84.9932
4.2856 85.3585 85.0468
4.2900 85.4190 85.1012
4.2944 85.4804 85.1567
4.2988 85.5429 85.2130
4.3032 85.6064 85.2703
4.3076 85.6709 85.3286
4.3120 85.7364 85.3878
4.3164 85.8030 85.4479
4.3208 85.8706 85.5090
4.3252 85.9392 85.5710
4.3296 86.0088 85.6340
4.3340 86.0794 85.6979
4.3384 86.1510 85.7628
4.3429 86.2236 85.8285
4.3473 86.2971 85.8952
4.3517 86.3717 85.9628
4.3561 86.4472 86.0313
4.3605 86.5236 86.1008
4.3649 86.6011 86.1711
4.3693 86.6794 86.2424
4.3737 86.7588 86.3145
4.3781 86.8390 86.3876
4.3825 86.9202 86.4616
4.3869 87.0024 86.5364
4.3913 87.0854 86.6122
4.3957 87.1694 86.6888
4.4001 87.2543 86.7663
4.4045 87.3400 86.8447
4.4089 87.4267 86.9240
4.4133 87.5143 87.0042
4.4177 87.6028 87.0852
4.4221 87.6921 87.1671
4.4265 87.7824 87.2499
4.4309 87.8735 87.3335
4.4354 87.9654 87.4180
4.4398 88.0583 87.5033
4.4442 88.1519 87.5895
4.4486 88.2465 87.6766
4.4530 88.3418 87.7644
4.4574 88.4380 87.8532
4.4618 88.5351 87.9427
4.4662 88.6330 88.0332
4.4706 88.7316 88.1244
4.4750 88.8311 88.2165
4.4794 88.9314 88.3094
4.4838 89.0326 88.4031
4.4882 89.1345 88.4976
4.4926 89.2372 88.5930
4.4970 89.3406 88.6891
4.5014 89.4449 88.7861
4.5058 89.5499 88.8839
4.5102 89.6558 88.9825
4.5146 89.7623 89.0819
4.5190 89.8696 89.1821
4.5234 89.9777 89.2830
4.5279 90.0865 89.3848
4.5323 90.1961 89.4874
4.5367 90.3064 89.5907
4.5411 90.4174 89.6948
4.5455 90.5292 89.7997
4.5499 90.6416 89.9054
4.5543 90.7548 90.0118
4.5587 90.8687 90.1190
4.5631 90.9832 90.2270
4.5675 91.0985 90.3357
4.5719 91.2144 90.4452
4.5763 91.3311 90.5555
4.5807 91.4484 90.6665
4.5851 91.5664 90.7782
4.5895 91.6850 90.8907
4.5939 91.8043 91.0040
4.5983 91.9243 91.1179
4.6027 92.0449 91.2326
4.6071 92.1661 91.3481
4.6115 92.2880 91.4642
4.6159 92.4104 91.5810
4.6204 92.5333 91.6984
4.6248 92.6568 91.8164
4.6292 92.7808 91.9351
4.6336 92.9052 92.0543
4.6380 93.0301 92.1740
4.6424 93.1553 92.2943
4.6468 93.2810 92.4150
4.6512 93.4070 92.5362
4.6556 93.5334 92.6578
4.6600 93.6600 92.7799
4.6644 93.7869 92.9023
4.6688 93.9141 93.0251
4.6732 94.0415 93.1482
4.6776 94.1691 93.2717
4.6820 94.2968 93.3954
4.6864 94.4247 93.5194
4.6908 94.5527 93.6436
4.6952 94.6807 93.7680
4.6996 94.8088 93.8926
4.7040 94.9370 94.0174
4.7084 95.0652 94.1423
4.7129 95.1933 94.2673
4.7173 95.3214 94.3924
4.7217 95.4493 94.5175
4.7261 95.5772 94.6427
4.7305 95.7050 94.7678
4.7349 95.8326 94.8930
4.7393 95.9600 95.0181
4.7437 96.0871 95.1431
4.7481 96.2141 95.2680
4.7525 96.3407 95.3928
4.7569 96.4671 95.5174
4.7613 96.5931 95.6419
4.7657 96.7188 95.7662
4.7701 96.8441 95.8902
4.7745 96.9690 96.0140
4.7789 97.0934 96.1375
4.7833 97.2174 96.2607
4.7877 97.3409 96.3836
4.7921 97.4639 96.5061
4.7965 97.5863 96.6283
4.8009 97.7082 96.7500
4.8054 97.8295 96.8713
4.8098 97.9501 96.9922
4.8142 98.0701 97.1126
4.8186 98.1894 97.2324
4.8230 98.3080 97.3518
4.8274 98.4258 97.4705
4.8318 98.5429 97.5887
4.8362 98.6592 97.7063
4.8406 98.7747 97.8233
4.8450 98.8894 97.9395
4.8494 99.0031 98.0551
4.8538 99.1160 98.1700
4.8582 99.2279 98.2842
4.8626 99.3389 98.3976
4.8670 99.4489 98.5102
4.8714 99.5579 98.6219
4.8758 99.6659 98.7329
4.8802 99.7728 98.8430
4.8846 99.8786 98.9522
4.8890 99.9833 99.0604
4.8934 100.0868 99.1678
4.8979 100.1892 99.2741
4.9023 100.2904 99.3795
4.9067 100.3903 99.4839
4.9111 100.4890 99.5872
4.9155 100.5864 99.6894
4.9199 100.6825 99.7906
4.9243 100.7772 99.8906
4.9287 100.8706 99.9895
4.9331 100.9627 100.0872
4.9375 101.0532 100.1837
4.9419 101.1424 100.2790
4.9463 101.2301 100.3730
4.9507 101.3162 100.4658
4.9551 101.4009 100.5573
4.9595 101.4839 100.6474
4.9639 101.5655 100.7362
4.9683 101.6454 100.8236
4.9727 101.7236 100.9097
4.9771 101.8002 100.9942
4.9815 101.8751 101.0774
4.9859 101.9483 101.1591
4.9904 102.0197 101.2392
4.9948 102.0894 101.3178
4.9992 102.1573 101.3949
5.0036 102.2233 101.4704
5.0080 102.2877 101.5444
5.0124 102.3504 101.6170
5.0168 102.4117 101.6882
5.0212 102.4717 101.7582
5.0256 102.5306 101.8271
5.0300 102.5884 101.8949
5.0344 102.6454 101.9617
5.0388 102.7015 102.0276
5.0432 102.7571 102.0928
5.0476 102.8122 102.1572
5.0520 102.8670 102.2210
5.0564 102.9216 102.2843
5.0608 102.9762 102.3472
5.0652 103.0308 102.4097
5.0696 103.0857 102.4719
5.0740 103.1409 102.5340
5.0784 103.1967 102.5960
5.0829 103.2531 102.6581
5.0873 103.3102 102.7202
5.0917 103.3683 102.7825
5.0961 103.4275 102.8452
5.1005 103.4877 102.9080
5.1049 103.5476 102.9706
5.1093 103.6072 103.0328
5.1137 103.6663 103.0946
5.1181 103.7250 103.1559
5.1225 103.7833 103.2169
5.1269 103.8412 103.2776
5.1313 103.8988 103.3379
5.1357 103.9560 103.3978
5.1401 104.0129 103.4574
5.1445 104.0695 103.5167
5.1489 104.1259 103.5758
5.1533 104.1821 103.6346
5.1577 104.2381 103.6933
5.1621 104.2940 103.7518
5.1665 104.3500 103.8102
5.1709 104.4061 103.8686
5.1754 104.4625 103.9272
5.1798 104.5190 103.9859
5.1842 104.5772 104.0457
5.1886 104.6431 104.1113
5.1930 104.7352 104.1967
5.1974 104.8456 104.2960
5.2018 104.9128 104.3632
5.2062 104.9176 104.3833
5.2106 104.9143 104.3968
5.2150 104.9075 104.4072
5.2194 104.9021 104.4181
5.2238 104.8941 104.4266
5.2282 104.8853 104.4340
5.2326 104.8765 104.4408
5.2370 104.8679 104.4475
5.2414 104.8597 104.4538
5.2458 104.8517 104.4600
5.2502 104.8438 104.4658
5.2546 104.8360 104.4712
5.2590 104.8285 104.4765
5.2634 104.8217 104.4819
5.2679 104.8154 104.4874
5.2723 104.8096 104.4928
5.2767 104.8041 104.4981
5.2811 104.7989 104.5034
5.2855 104.7942 104.5087
5.2899 104.7898 104.5140
5.2943 104.7858 104.5192
5.2987 104.7822 104.5245
5.3031 104.7789 104.5297
5.3075 104.7759 104.5349
5.3119 104.7732 104.5401
5.3163 104.7709 104.5453
5.3207 104.7688 104.5506
5.3251 104.7671 104.5558
5.3295 104.7656 104.5610
5.3339 104.7644 104.5662
5.3383 104.7635 104.5715
5.3427 104.7628 104.5767
5.3471 104.7624 104.5820
5.3515 104.7622 104.5872
5.3559 104.7622 104.5925
5.3604 104.7625 104.5978
5.3648 104.7629 104.6031
5.3692 104.7636 104.6084
5.3736 104.7645 104.6137
5.3780 104.7655 104.6190
5.3824 104.7667 104.6243
5.3868 104.7681 104.6296
5.3912 104.7697 104.6350
5.3956 104.7715 104.6403
5.4000 104.7733 104.6457
5.4044 104.7754 104.6510
5.4088 104.7776 104.6564
5.4132 104.7799 104.6618
5.4176 104.7824 104.6672
5.4220 104.7849 104.6726
5.4264 104.7876 104.6780
5.4308 104.7905 104.6834
5.4654 104.7080 104.6867
5.5154 104.6679 104.6612
5.5654 104.6367 104.6386
5.6154 104.6119 104.6184
5.6654 104.5914 104.6003
5.7154 104.5741 104.5840
5.7654 104.5592 104.5693
5.8154 104.5461 104.5560
5.8654 104.5345 104.5440
5.9154 104.5241 104.5330
5.9654 104.5147 104.5230
6.0154 104.5062 104.5139
6.0654 104.4985 104.5055
6.1154 104.4914 104.4979
6.1654 104.4850 104.4909
6.2154 104.4792 104.4846
6.2654 104.4739 104.4788
6.3154 104.4690 104.4736
6.3654 104.4647 104.4688
6.4154 104.4608 104.4645
6.4654 104.4573 104.4607
6.5154 104.4541 104.4572
6.5654 104.4514 104.4541
6.6154 104.4490 104.4514
6.6654 104.4469 104.4491
6.7154 104.4451 104.4470
6.7654 104.4436 104.4453
6.8154 104.4424 104.4438
6.8654 104.4415 104.4427
6.9154 104.4408 104.4418
6.9654 104.4404 104.4412
7.0154 104.4402 104.4408
7.0654 104.4402 104.4406
7.1154 104.4404 104.4406
7.1654 104.4408 104.4409
7.2154 104.4414 104.4414
7.2654 104.4422 104.4420
7.3154 104.4432 104.4429
7.3654 104.4444 104.4439
7.4154 104.4457 104.4450
7.4654 104.4471 104.4464
7.5154 104.4487 104.4479
7.5654 104.4505 104.4495
7.6154 104.4523 104.4512
7.6654 104.4543 104.4531
7.7154 104.4565 104.4552
7.7654 104.4587 104.4573
7.8154 104.4610 104.4596
7.8654 104.4635 104.4619
7.9154 104.4660 104.4644
7.9654 104.4687 104.4670
8.0154 104.4714 104.4696
8.0654 104.4743 104.4724
8.1154 104.4772 104.4752
8.1654 104.4801 104.4781
8.2154 104.4832 104.4811
8.2654 104.4863 104.4842
8.3154 104.4895 104.4874
8.3654 104.4928 104.4906
8.4154 104.4961 104.4938
8.4654 104.4995 104.4972
8.5154 104.5030 104.5006
8.5654 104.5064 104.5040
8.6154 104.5100 104.5075
8.6654 104.5136 104.5111
8.7154 104.5172 104.5147
8.7654 104.5209 104.5183
8.8154 104.5246 104.5220
8.8654 104.5284 104.5257
8.9154 104.5322 104.5295
8.9654 104.5360 104.5333
9.0154 104.5399 104.5371
9.0654 104.5437 104.5410
9.1154 104.5477 104.5449
9.1654 104.5516 104.5488
9.2154 104.5556 104.5528
9.2654 104.5596 104.5567
9.3154 104.5636 104.5607
9.3654 104.5676 104.5648
9.4154 104.5717 104.5688
9.4654 104.5758 104.5729
9.5154 104.5799 104.5769
9.5654 104.5840 104.5810
9.6154 104.5881 104.5851
9.6654 104.5922 104.5893
9.7154 104.5964 104.5934
9.7654 104.6005 104.5976
9.8154 104.6047 104.6017
9.8654 104.6089 104.6059
9.9154 104.6131 104.6101
9.9654 104.6173 104.6143
10.0154 104.6215 104.6184
10.0654 104.6257 104.6226
10.1154 104.6299 104.6268
10.1654 104.6341 104.6311
10.2154 104.6383 104.6353
10.2654 104.6425 104.6395
10.3154 104.6467 104.6437
10.3654 104.6510 104.6479
10.4154 104.6552 104.6521
10.4654 104.6594 104.6564
10.5154 104.6636 104.6606
10.5654 104.6678 104.6648
10.6154 104.6721 104.6690
10.6654 104.6763 104.6732
10.7154 104.6805 104.6774
10.7654 104.6847 104.6816
10.8154 104.6889 104.6859
10.8654 104.6931 104.6900
10.9154 104.6973 104.6942
10.9654 104.7015 104.6984
11.0154 104.7057 104.7026
11.0654 104.7098 104.7068
11.1154 104.7140 104.7110
11.1654 104.7182 104.7151
11.2154 104.7223 104.7193
11.2654 104.7265 104.7235
11.3154 104.7306 104.7276
11.3654 104.7348 104.7318
11.4154 104.7389 104.7359
11.4654 104.7430 104.7400
11.5154 104.7471 104.7441
11.5654 104.7512 104.7482
11.6154 104.7553 104.7523
11.6654 104.7594 104.7564
11.7154 104.7634 104.7605
11.7654 104.7675 104.7646
11.8154 104.7716 104.7686
11.8654 104.7756 104.7727
11.9154 104.7796 104.7767
11.9654 104.7836 104.7807
12.0154 104.7877 104.7847
12.0654 104.7917 104.7887
12.1154 104.7956 104.7927
12.1654 104.7996 104.7967
12.2154 104.8036 104.8007
12.2654 104.8075 104.8047
12.3154 104.8115 104.8086
12.3654 104.8154 104.8125
12.4154 104.8193 104.8165
12.4654 104.8232 104.8204
12.5154 104.8271 104.8243
12.5654 104.8310 104.8282
12.6154 104.8349 104.8320
12.6654 104.8387 104.8359
12.7154 104.8426 104.8398
12.7654 104.8464 104.8436
12.8154 104.8502 104.8474
12.8654 104.8540 104.8512
12.9154 104.8578 104.8550
12.9654 104.8616 104.8588
13.0154 104.8654 104.8626
13.0654 104.8691 104.8664
13.1154 104.8729 104.8701
13.1654 104.8766 104.8739
13.2154 104.8803 104.8776
13.2654 104.8840 104.8813
13.3154 104.8877 104.8850
13.3654 104.8914 104.8887
13.4154 104.8950 104.8924
13.4654 104.8987 104.8960
13.5154 104.9023 104.8997
13.5654 104.9060 104.9033
13.6154 104.9096 104.9069
13.6654 104.9132 104.9105
13.7154 104.9168 104.9141
13.7654 104.9203 104.9177
13.8154 104.9239 104.9213
13.8654 104.9274 104.9248
13.9154 104.9310 104.9284
13.9654 104.9345 104.9319
14.0154 104.9380 104.9354
14.0654 104.9415 104.9389
14.1154 104.9450 104.9424
14.1654 104.9484 104.9459
14.2154 104.9519 104.9494
14.2654 104.9553 104.9528
14.3154 104.9588 104.9563
14.3654 104.9622 104.9597
14.4154 104.9656 104.9631
14.4654 104.9690 104.9665
14.5154 104.9723 104.9699
14.5654 104.9757 104.9732
14.6154 104.9790 104.9766
14.6654 104.9824 104.9799
14.7154 104.9857 104.9833
14.7654 104.9890 104.9866
14.8154 104.9923 104.9899
14.8654 104.9956 104.9932
14.9154 104.9989 104.9965
14.9654 105.0021 104.9997
15.0154 105.0054 105.0030
15.0654 105.0086 105.0062
15.1154 105.0118 105.0095
15.1654 105.0150 105.0127
15.2154 105.0182 105.0159
15.2654 105.0214 105.0191
15.3154 105.0246 105.0223
15.3654 105.0277 105.0254
15.4154 105.0309 105.0286
15.4654 105.0340 105.0317
15.5154 105.0371 105.0349
15.5654 105.0402 105.0380
15.6154 105.0433 105.0411
15.6654 105.0464 105.0442
15.7154 105.0495 105.0472
15.7654 105.0526 105.0503
15.8154 105.0556 105.0534
15.8654 105.0586 105.0564
15.9154 105.0617 105.0594
15.9654 105.0647 105.0625
16.0154 105.0677 105.0655
16.0654 105.0706 105.0685
16.1154 105.0736 105.0714
16.1654 105.0766 105.0744
16.2154 105.0795 105.0774
16.2654 105.0825 105.0803
16.3154 105.0854 105.0832
16.3654 105.0883 105.0862
16.4154 105.0912 105.0891
16.4654 105.0941 105.0920
16.5154 105.0970 105.0949
16.5654 105.0998 105.0977
16.6154 105.1027 105.1006
16.6654 105.1055 105.1034
16.7154 105.1084 105.1063
16.7654 105.1112 105.1091
16.8154 105.1140 105.1119
16.8654 105.1168 105.1147
16.9154 105.1196 105.1175
16.9654 105.1223 105.1203
17.0154 105.1251 105.1231
17.0654 105.1279 105.1258
17.1154 105.1306 105.1286
17.1654 105.1333 105.1313
17.2154 105.1360 105.1341
17.2654 105.1388 105.1368
17.3154 105.1414 105.1395
17.3654 105.1441 105.1422
17.4154 105.1468 105.1449
17.4654 105.1495 105.1475
17.5154 105.1521 105.1502
17.5654 105.1548 105.1528
17.6154 105.1574 105.1555
17.6654 105.1600 105.1581
17.7154 105.1626 105.1607
17.7654 105.1652 105.1633
17.8154 105.1678 105.1659
17.8654 105.1704 105.1685
17.9154 105.1730 105.1711
17.9654 105.1755 105.1737
18.0154 105.1781 105.1762
18.0654 105.1806 105.1787
18.1154 105.1831 105.1813
18.1654 105.1856 105.1838
18.2154 105.1881 105.1863
18.2654 105.1906 105.1888
18.3154 105.1931 105.1913
18.3654 105.1956 105.1938
18.4154 105.1981 105.1963
18.4654 105.2005 105.1987
18.5154 105.2030 105.2012
18.5654 105.2054 105.2036
18.6154 105.2078 105.2060
18.6654 105.2102 105.2085
18.7154 105.2126 105.2109
18.7654 105.2150 105.2133
18.8154 105.2174 105.2157
18.8654 105.2198 105.2181
18.9154 105.2222 105.2204
18.9654 105.2245 105.2228
19.0154 105.2269 105.2252
19.0654 105.2292 105.2275
19.1154 105.2315 105.2298
19.1654 105.2338 105.2321
19.2154 105.2362 105.2345
19.2654 105.2384 105.2368
19.3154 105.2407 105.2391
19.3654 105.2430 105.2413
19.4154 105.2453 105.2436
19.4654 105.2475 105.2459
19.5154 105.2498 105.2482
19.5654 105.2520 105.2504
19.6154 105.2543 105.2526
19.6654 105.2565 105.2549
19.7154 105.2587 105.2571
19.7654 105.2609 105.2593
19.8154 105.2631 105.2615
19.8654 105.2653 105.2637
19.9154 105.2675 105.2659
19.9654 105.2697 105.2681
20.0154 105.2718 105.2702
20.0654 105.2740 105.2724
20.1154 105.2761 105.2745
20.1654 105.2782 105.2767
20.2154 105.2804 105.2788
20.2654 105.2825 105.2809
20.3154 105.2846 105.2831
20.3654 105.2867 105.2852
20.4154 105.2888 105.2873
20.4654 105.2909 105.2893
20.5154 105.2929 105.2914
20.5654 105.2950 105.2935
20.6154 105.2971 105.2956
20.6654 105.2991 105.2976
20.7154 105.3012 105.2997
20.7654 105.3032 105.3017
20.8154 105.3052 105.3037
20.8654 105.3072 105.3058
20.9154 105.3092 105.3078
20.9654 105.3112 105.3098
21.0154 105.3132 105.3118
